0.928
0.9285
0.929
0.9295
0.93
0.9305
0.931
0.9315
0.932
0.9325
0.933
0.9335
0.934
0.9345
0.935
0.9355
0.936
0.9365
0.937
0.9375
0.938
0.9385
0.939
0.9395
0.94
0.9405
0.941
0.9415
0.942
0.9425
0.943
0.9435
0.944
0.9445
0.945
0.9455
0.946
0.9465
0.947
0.9475
0.948
0.9485
0.949
0.9495
0.95
0.9505
0.951
0.9515
0.952
0.9525
0.953
0.9535
0.954
0.9545
0.955
0.9555
0.956
0.9565
0.957
0.9575
0.958
0.9585
0.959
0.9595
0.96
0.9605
0.961
0.9615
0.962
0.9625
0.963
0.9635
0.964
0.9645
0.965
0.9655
0.966
0.9665
0.967
0.9675
0.968
0.9685
0.969
0.9695
0.97
0.9705
0.971
0.9715
0.972
0.9725
0.973
0.9735
0.974
0.9745
0.975
0.9755
0.976
0.9765
0.977
0.9775
0.978
0.9785
0.979
0.9795
0.98
0.9805
0.981
0.9815
0.982
0.9825
0.983
0.9835
0.984
0.9845
0.985
0.9855
0.986
0.9865
0.987
0.9875
0.988
0.9885
0.989
0.9895
0.99
0.9905
0.991
0.9915
0.992
0.9925
0.993
0.9935
0.994
0.9945
0.995
0.9955
0.996
0.9965
0.997
0.9975
0.998
0.9985
0.999
0.9995
1
1.0005
1.001
1.0015
1.002
1.0025
1.003
1.0035
1.004
1.0045
1.005
1.0055
1.006
1.0065
1.007
1.0075
1.008
1.0085
1.009
1.0095
1.01
1.0105
1.011
1.0115
1.012
1.0125
1.013
1.0135
1.014
1.0145
1.015
1.0155
1.016
1.0165
1.017
1.0175
1.018
1.0185
1.019
1.0195
1.02
1.0205
1.021
1.0215
1.022
1.0225
1.023
1.0235
1.024
1.0245
1.025
1.0255
1.026
1.0265
1.027
1.0275
1.028
1.0285
1.029
1.0295
1.03
1.0305
1.031
1.0315
1.032
1.0325
1.033
1.0335
1.034
1.0345
1.035
1.0355
1.036
1.0365
1.037
1.0375
1.038
1.0385
1.039
1.0395
1.04
1.0405
1.041
1.0415
1.042
1.0425
1.043
1.0435
1.044
1.0445
1.045
1.0455
1.046
1.0465
1.047
1.0475
1.048
1.0485
1.049
1.0495
1.05
1.0505
1.051
1.0515
1.052
1.0525
1.053
1.0535
1.054
1.0545
1.055
1.0555
1.056
1.0565
1.057
1.0575
1.058
1.0585
1.059
1.0595
1.06
1.0605
1.061
1.0615
1.062
1.0625
1.063
1.0635
1.064
1.0645
1.065
1.0655
1.066
1.0665
1.067
1.0675
1.068
1.0685
1.069
1.0695
1.07
1.0705
1.071
1.0715
1.072
1.0725
1.073
1.0735
1.074
1.0745
1.075
1.0755
1.076
1.0765
1.077
1.0775
1.078
1.0785
1.079
1.0795
1.08
1.0805
1.081
1.0815
1.082
1.0825
1.083
1.0835
1.084
1.0845
1.085
1.0855
1.086
1.0865
1.087
1.0875
1.088
1.0885
1.089
1.0895
1.09
1.0905
1.091
1.0915
1.092
1.0925
1.093
1.0935
1.094
1.0945
1.095
1.0955
1.096
1.0965
1.097
1.0975
1.098
1.0985
1.099
1.0995
1.1
1.1005
1.101
1.1015
1.102
1.1025
1.103
1.1035
1.104
1.1045
1.105
1.1055
1.106
1.1065
1.107
1.1075
1.108
1.1085
1.109
1.1095
1.11
1.1105
1.111
1.1115
1.112
1.1125
1.113
1.1135
1.114
1.1145
1.115
1.1155
1.116
1.1165
1.117
1.1175
1.118
1.1185
1.119
1.1195
1.12
1.1205
1.121
1.1215
1.122
1.1225
1.123
1.1235
1.124
1.1245
1.125
1.1255
1.126
1.1265
1.127
1.1275
1.128
1.1285
1.129
1.1295
1.13
1.1305
1.131
1.1315
1.132
1.1325
1.133
1.1335
1.134
1.1345
1.135
1.1355
1.136
1.1365
1.137
1.1375
1.138
1.1385
1.139
1.1395
1.14
1.1405
1.141
1.1415
1.142
1.1425
1.143
1.1435
1.144
1.1445
1.145
1.1455
1.146
1.1465
1.147
1.1475
1.148
1.1485
1.149
1.1495
1.15
1.1505
1.151
1.1515
1.152
1.1525
