1.14814814815
1.14708603145
1.146025878
1.14496768236
1.14391143911
1.14285714286
1.14180478821
1.14075436983
1.13970588235
1.13865932048
1.1376146789
1.13657195234
1.13553113553
1.13449222324
1.13345521024
1.13242009132
1.13138686131
1.13035551504
1.12932604736
1.12829845314
1.12727272727
1.12624886467
1.12522686025
1.12420670898
1.1231884058
1.1221719457
1.12115732369
1.12014453478
1.11913357401
1.11812443643
1.11711711712
1.11611161116
1.11510791367
1.11410601977
1.1131059246
1.11210762332
1.11111111111
1.11011638317
1.1091234347
1.10813226095
1.10714285714
1.10615521855
1.10516934046
1.10418521817
1.10320284698
1.10222222222
1.10124333925
1.10026619343
1.09929078014
1.09831709477
1.09734513274
1.09637488948
1.09540636042
1.09443954104
1.09347442681
1.09251101322
1.09154929577
1.09058927001
1.08963093146
1.08867427568
1.08771929825
1.08676599474
1.08581436077
1.08486439195
1.08391608392
1.08296943231
1.08202443281
1.08108108108
1.08013937282
1.07919930374
1.07826086957
1.07732406603
1.07638888889
1.07545533391
1.07452339688
1.07359307359
1.07266435986
1.07173725151
1.07081174439
1.06988783434
1.06896551724
1.06804478898
1.06712564544
1.06620808255
1.06529209622
1.0643776824
1.06346483705
1.06255355613
1.06164383562
1.06073567151
1.05982905983
1.05892399658
1.05802047782
1.05711849957
1.05621805792
1.05531914894
1.05442176871
1.05352591334
1.05263157895
1.05173876166
1.05084745763
1.049957663
1.04906937394
1.04818258664
1.0472972973
1.04641350211
1.0455311973
1.04465037911
1.04377104377
1.04289318755
1.04201680672
1.04114189757
1.04026845638
1.03939647946
1.03852596315
1.03765690377
1.03678929766
1.03592314119
1.03505843072
1.03419516264
1.03333333333
1.03247293922
1.03161397671
1.03075644223
1.02990033223
1.02904564315
1.02819237148
1.02734051367
1.02649006623
1.02564102564
1.02479338843
1.02394715111
1.02310231023
1.02225886232
1.02141680395
1.02057613169
1.01973684211
1.0188989318
1.01806239737
1.01722723544
1.01639344262
1.01556101556
1.0147299509
1.0139002453
1.01307189542
1.01224489796
1.01141924959
1.01059494703
1.00977198697
1.00895036615
1.0081300813
1.00731112916
1.00649350649
1.00567721006
1.00486223663
1.004048583
1.00323624595
1.00242522231
1.00161550889
1.0008071025
1.0
0.999194198227
0.998389694042
0.997586484312
0.996784565916
0.995983935743
0.99518459069
0.994386527666
0.99358974359
0.992794235388
0.992
0.991207034373
0.990415335463
0.989624900239
0.988835725678
0.988047808765
0.987261146497
0.986475735879
0.985691573927
0.984908657665
0.984126984127
0.983346550357
0.982567353407
0.98178939034
0.981012658228
0.98023715415
0.979462875197
0.978689818469
0.977917981073
0.977147360126
0.976377952756
0.975609756098
0.974842767296
0.974076983504
0.973312401884
0.972549019608
0.971786833856
0.971025841817
0.970266040689
0.969507427678
0.96875
0.967993754879
0.967238689548
0.966484801247
0.965732087227
0.964980544747
0.964230171073
0.963480963481
0.962732919255
0.961986035687
0.961240310078
0.960495739737
0.959752321981
0.959010054138
0.958268933539
0.957528957529
0.956790123457
0.956052428682
0.95531587057
0.954580446497
0.953846153846
0.953112990008
0.952380952381
0.951650038373
0.950920245399
0.950191570881
0.949464012251
0.948737566947
0.948012232416
0.947288006112
0.946564885496
0.94584286804
0.94512195122
0.944402132521
0.943683409437
0.942965779468
0.942249240122
0.941533788914
0.940819423369
0.940106141016
0.939393939394
0.938682816048
0.937972768533
0.937263794407
0.936555891239
0.935849056604
0.935143288084
0.934438583271
0.933734939759
0.933032355154
0.932330827068
0.931630353118
0.930930930931
0.93023255814
0.929535232384
0.928838951311
0.928143712575
0.927449513837
0.926756352765
0.926064227035
0.925373134328
0.924683072334
0.923994038748
0.923306031273
0.922619047619
0.921933085502
0.921248142645
0.920564216778
0.919881305638
0.919199406968
