1.14814814815 4.05281639783e-06
1.14708603145 7.62199117276e-06
1.146025878 1.07947415794e-05
1.14496768236 1.37850832869e-05
1.14391143911 1.72701113664e-05
1.14285714286 2.15615334649e-05
1.14180478821 2.68549994194e-05
1.14075436983 3.33690262087e-05
1.13970588235 4.13652335242e-05
1.13865932048 5.11565891776e-05
1.1376146789 6.31164317224e-05
1.13657195234 7.76888463439e-05
1.13553113553 9.54005585415e-05
1.13449222324 0.000116874515279
1.13345521024 0.000142845332306
1.13242009132 0.00017417679384
1.13138686131 0.000211881596261
1.13035551504 0.000257143530267
1.12932604736 0.000311342295553
1.12829845314 0.000376081137783
1.12727272727 0.0004532174886
1.12624886467 0.00054489677513
1.12522686025 0.000653589544868
1.12420670898 0.00078213202432
1.1231884058 0.000933770194578
1.1221719457 0.00111220742333
1.12115732369 0.00132165564003
1.12014453478 0.0015668899784
1.11913357401 0.00185330673812
1.11812443643 0.00218698443443
1.11711711712 0.00257474761124
1.11611161116 0.00302423299003
1.11510791367 0.00354395741326
1.11410601977 0.00414338691963
1.1131059246 0.00483300615818
1.11210762332 0.00562438721272
1.11111111111 0.00653025676783
1.11011638317 0.00756456040566
1.1091234347 0.00874252268193
1.10813226095 0.0100807014922
1.10714285714 0.0115970351114
1.10615521855 0.0133108801699
1.10516934046 0.0152430387322
1.10418521817 0.0174157725568
1.10320284698 0.0198528025669
1.10222222222 0.0225792915297
1.10124333925 0.0256218079529
1.10026619343 0.0290082692524
1.09929078014 0.0327678623356
1.09831709477 0.0369309398793
1.09734513274 0.0415288907661
1.09637488948 0.04659398338
1.09540636042 0.0521591807482
1.09443954104 0.0582579268583
1.09347442681 0.0649239038701
1.09251101322 0.0721907603815
1.09154929577 0.0800918113913
1.09058927001 0.0886597111247
1.08963093146 0.0979261004422
1.08867427568 0.107921231128
1.08771929825 0.118673569952
1.08676599474 0.130209385975
1.08581436077 0.142552325188
1.08486439195 0.155722977079
1.08391608392 0.169738438309
1.08296943231 0.184611879111
1.08202443281 0.20035211843
1.08108108108 0.216963214205
1.08013937282 0.234444075362
1.07919930374 0.252788102282
1.07826086957 0.271982862506
1.07732406603 0.292009808348
1.07638888889 0.312844042867
1.07545533391 0.334454140284
1.07452339688 0.356802026464
1.07359307359 0.379842924453
1.07266435986 0.403525369322
1.07173725151 0.42779129574
1.07081174439 0.4525762007
1.06988783434 0.47780938282
1.06896551724 0.503414258499
1.06804478898 0.52930875404
1.06712564544 0.555405771646
1.06620808255 0.581613726017
1.06529209622 0.607837147025
1.0643776824 0.633977342857
1.06346483705 0.659933116874
1.06255355613 0.685601530461
1.06164383562 0.710878703258
1.06073567151 0.735660641389
1.05982905983 0.759844083701
1.05892399658 0.783327355586
1.05802047782 0.806011219689
1.05711849957 0.827799712697
1.05621805792 0.848600957526
1.05531914894 0.868327940495
1.05442176871 0.886899243524
1.05352591334 0.904239722071
1.05263157895 0.920281120257
1.05173876166 0.934962615637
1.05084745763 0.948231287071
1.049957663 0.960042500375
1.04906937394 0.97036020764
1.04818258664 0.979157157428
1.0472972973 0.986415014376
1.04641350211 0.992124388082
1.0455311973 0.996284772437
1.04465037911 0.998904397852
1.04377104377 1.0
1.04289318755 0.999596509801
1.04201680672 0.99772667037
1.04114189757 0.994430587489
1.04026845638 0.989755220931
1.03939647946 0.983753824498
1.03852596315 0.976485343091
1.03765690377 0.968013775414
1.03678929766 0.958407511001
1.03592314119 0.947738650285
1.03505843072 0.936082316226
1.03419516264 0.92351596575
1.03333333333 0.910118708844
1.03247293922 0.89597064265
1.03161397671 0.881152207294
1.03075644223 0.865743569554
1.02990033223 0.849824039734
1.02904564315 0.833471526365
1.02819237148 0.816762032599
1.02734051367 0.79976919736
1.02649006623 0.782563883583
1.02564102564 0.765213815083
1.02479338843 0.747783262943
1.02394715111 0.730332781584
1.02310231023 0.712918994097
1.02225886232 0.695594425862
1.02141680395 0.678407384942
1.02057613169 0.661401887348
1.01973684211 0.644617624867
1.0188989318 0.628089972863
1.01806239737 0.611850035177
1.01722723544 0.595924723122
1.01639344262 0.580336865377
1.01556101556 0.565105345551
1.0147299509 0.550245264131
1.0139002453 0.535768121536
1.01307189542 0.521682019061
1.01224489796 0.507991874548
1.01141924959 0.49469964973
1.01059494703 0.481804586337
1.00977198697 0.469303448155
1.00895036615 0.457190766419
1.0081300813 0.445459086065
1.00731112916 0.434099210554
1.00649350649 0.423100443136
1.00567721006 0.412450822633
1.00486223663 0.402137351967
1.004048583 0.392146217884
1.00323624595 0.382463000455
1.00242522231 0.373072871177
1.00161550889 0.363960778609
1.0008071025 0.355111620711
1.0 0.346510403192
0.999194198227 0.338142383353
0.998389694042 0.329993199071
0.997586484312 0.322048982737
0.996784565916 0.314296460107
0.995983935743 0.306723034168
0.99518459069 0.299316854278
0.994386527666 0.292066870949
0.99358974359 0.284962876774
0.992794235388 0.277995534121
0.992 0.271156390294
0.991207034373 0.264437880976
0.990415335463 0.257833322826
0.989624900239 0.251336896175
0.988835725678 0.244943618823
0.988047808765 0.238649311947
0.987261146497 0.232450559191
0.986475735879 0.226344659988
0.985691573927 0.220329578167
0.984908657665 0.214403886878
0.984126984127 0.208566710852
0.983346550357 0.202817666939
0.982567353407 0.197156803854
0.98178939034 0.191584541961
0.981012658228 0.186101613891
0.98023715415 0.180709006689
0.979462875197 0.175407906115
0.978689818469 0.170199643648
0.977917981073 0.165085646644
0.977147360126 0.160067392027
0.976377952756 0.155146363791
0.975609756098 0.150324014543
0.974842767296 0.145601731192
0.974076983504 0.140980804862
0.973312401884 0.136462405014
0.972549019608 0.132047557701
0.971786833856 0.127737127845
0.971025841817 0.12353180535
0.970266040689 0.119432094853
0.969507427678 0.115438308856
0.96875 0.111550563986
0.967993754879 0.107768780074
0.967238689548 0.104092681779
0.966484801247 0.10052180243
0.965732087227 0.0970554897956
0.964980544747 0.0936929134798
0.964230171073 0.0904330736502
0.963480963481 0.0872748108305
0.962732919255 0.0842168164952
0.961986035687 0.0812576442299
0.961240310078 0.0783957212403
0.960495739737 0.0756293600154
0.959752321981 0.0729567699746
0.959010054138 0.0703760689522
0.958268933539 0.0678852943945
0.957528957529 0.0654824141703
0.956790123457 0.0631653369139
0.956052428682 0.0609319218422
0.95531587057 0.0587799880051
0.954580446497 0.0567073229457
0.953846153846 0.0547116907606
0.953112990008 0.0527908395658
0.952380952381 0.0509425083809
0.951650038373 0.0491644334577
0.950920245399 0.0474543540818
0.950191570881 0.0458100178841
0.949464012251 0.0442291857012
0.948737566947 0.0427096360243
0.948012232416 0.0412491690793
0.947288006112 0.0398456105765
0.946564885496 0.0384968151691
0.94584286804 0.0372006696542
0.94512195122 0.0359550959495
0.944402132521 0.0347580538697
0.943683409437 0.0336075437287
0.942965779468 0.0325016087822
0.942249240122 0.0314383375256
0.941533788914 0.0304158658547
0.940819423369 0.0294323790937
0.940106141016 0.0284861138898
0.939393939394 0.0275753599709
0.938682816048 0.0266984617609
0.937972768533 0.0258538198418
0.937263794407 0.0250398922532
0.936555891239 0.0242551956158
0.935849056604 0.0234983060681
0.935143288084 0.0227678600023
0.934438583271 0.0220625545884
0.933734939759 0.0213811480757
0.933032355154 0.0207224598639
0.932330827068 0.0200853703347
0.931630353118 0.0194688204436
0.930930930931 0.0188718110667
0.93023255814 0.0182934021064
0.929535232384 0.0177327113602
0.928838951311 0.0171889131597
0.928143712575 0.0166612367908
0.927449513837 0.0161489647084
0.926756352765 0.0156514305624
0.926064227035 0.015168017052
0.925373134328 0.01469815363
0.924683072334 0.014241314079
0.923994038748 0.0137970139826
0.923306031273 0.0133648080826
0.922619047619 0.0129442795697
0.921933085502 0.0125343284194
0.921248142645 0.0121110797142
0.920564216778 0.0114042929036
0.919881305638 0.00942158457757
0.919199406968 0.00563715001928
