0.00277012648809524
0.00467410714285714
0.00740773809523809
0.0122291666666667
0.0197563244047619
0.0290833333333333
0.029405505952381
0.0236607142857143
0.0235167410714286
0.0153604910714286
0.0125859375
0.0196316964285714
0.0244698660714286
0.0213932291666667
0.0259672619047619
0.0255550595238095
0.0265796130952381
0.0279229910714286
0.0261168154761905
0.0261510416666667
0.0302712053571429
0.037110119047619
0.0409188988095238
0.0475483630952381
0.0471688988095238
0.0415959821428571
0.0335494791666667
0.0279732142857143
0.0219494047619048
0.0215881696428571
0.0253854166666667
0.0253340773809524
0.0304099702380952
0.0383221726190476
0.0440290178571429
0.0533370535714286
0.0674665178571429
0.0673735119047619
0.0736309523809524
0.0783705357142857
0.080718005952381
0.0868303571428571
0.0957105654761905
0.0960416666666667
0.0971949404761905
0.097280505952381
0.100219494047619
0.0988318452380953
0.101316964285714
0.10663318452381
0.112708333333333
0.113344494047619
0.113779761904762
0.120714285714286
0.127444196428571
0.137139136904762
0.154605654761905
0.163839285714286
0.168902529761905
0.170137648809524
0.173072916666667
0.176201636904762
0.186160714285714
0.188790922619048
0.192965029761905
0.197496279761905
0.201357886904762
0.204352678571429
0.205327380952381
0.205055803571429
0.212462797619048
0.221688988095238
0.231037946428571
0.241744791666667
0.24688244047619
0.254973958333333
0.263746279761905
0.274475446428571
0.286696428571429
0.29530505952381
0.297328869047619
0.298686755952381
0.307857142857143
0.313943452380952
0.316622023809524
0.316175595238095
0.317853422619048
0.315204613095238
0.311116071428571
0.312555803571429
0.319817708333333
0.327131696428571
0.336075148809524
0.349832589285714
0.359825148809524
0.365989583333333
0.368720238095238
0.369486607142857
0.366499255952381
0.368206845238095
0.367451636904762
0.366703869047619
0.374255952380952
0.380580357142857
0.376785714285714
0.382217261904762
0.394456845238095
0.401599702380952
0.409747023809524
0.422358630952381
0.430840773809524
0.429129464285714
0.433482142857143
0.439136904761905
0.44609375
0.456026785714286
0.461941964285714
0.459858630952381
0.460081845238095
0.4578125
0.453720238095238
0.453534226190476
0.458928571428571
0.463058035714286
0.467038690476191
0.470424107142857
0.476822916666667
0.479947916666667
0.488169642857143
0.491815476190476
0.497842261904762
0.50390625
0.505840773809524
0.506324404761905
0.513988095238095
0.521205357142857
0.52109375
0.523921130952381
0.52671130952381
0.52280505952381
0.522619047619048
0.526860119047619
0.534002976190476
0.537127976190476
0.538169642857143
0.545647321428571
0.55297619047619
0.559300595238095
0.56640625
0.577678571428571
0.590104166666667
0.596763392857143
0.600446428571428
0.608556547619048
0.612834821428571
0.619419642857143
0.629166666666667
0.639508928571428
0.649441964285714
0.658779761904762
0.658556547619048
0.659747023809524
0.664769345238095
0.664583333333333
0.667001488095238
0.675223214285714
0.679836309523809
0.683705357142857
0.694270833333333
0.705022321428571
0.713616071428571
0.724925595238095
0.732180059523809
0.729575892857143
0.734114583333333
0.744903273809524
0.753459821428571
0.759337797619048
0.772358630952381
0.777269345238095
0.77593005952381
0.781026785714286
0.787797619047619
0.785528273809524
0.787574404761905
0.794270833333333
0.799441964285714
0.806622023809524
0.822209821428572
0.83969494047619
0.849665178571429
0.852901785714286
0.856175595238095
0.854389880952381
0.849739583333333
0.857700892857143
0.862872023809524
0.867857142857143
0.87578125
0.885751488095238
0.895647321428571
0.910305059523809
0.922395833333333
0.930803571428571
0.937983630952381
0.944270833333333
0.950967261904762
0.954947916666667
0.954241071428571
0.9625
0.965587797619048
0.973251488095238
0.989806547619048
1
0.997284226190476
0.992485119047619
0.984747023809524
0.973809523809524
0.966071428571429
0.971614583333333
0.981733630952381
0.982849702380952
0.985119047619048
0.986941964285714
0.986421130952381
0.979427083333333
0.977678571428571
0.979092261904762
0.98046875
0.975409226190476
0.972953869047619
0.970833333333333
0.965438988095238
0.9609375
0.963244047619048
0.970572916666667
0.974032738095238
0.976264880952381
0.978534226190476
0.974813988095238
0.973883928571428
0.975967261904762
0.976785714285714
0.965252976190476
0.949776785714286
0.934263392857143
0.911532738095238
0.893824404761905
0.885565476190476
0.879241071428571
0.874590773809524
0.875967261904762
0.876264880952381
0.871391369047619
0.863541666666667
0.853050595238095
0.84203869047619
0.833407738095238
0.825186011904762
0.811346726190476
0.801785714285714
0.784486607142857
0.763913690476191
0.745721726190476
0.725372023809524
0.709784226190476
0.695647321428571
0.68500744047619
0.672879464285714
0.656473214285714
0.635007440476191
0.61625744047619
0.590699404761905
0.574107142857143
0.562053571428571
0.545647321428571
0.530357142857143
0.517671130952381
0.505022321428571
0.496056547619048
0.491443452380952
0.487388392857143
0.486941964285714
0.485639880952381
0.478348214285714
0.466741071428571
0.455803571428571
0.436904761904762
0.415550595238095
0.398251488095238
0.383110119047619
0.369449404761905
0.360059523809524
0.351238839285714
0.342421875
0.337979910714286
0.336529017857143
0.331067708333333
0.321525297619048
0.309401041666667
0.295063244047619
0.281484375
0.271841517857143
0.258720238095238
0.246610863095238
0.23280505952381
0.215033482142857
0.206744791666667
0.205613839285714
0.200416666666667
0.19608630952381
0.197433035714286
0.184482886904762
0.168363095238095
0.161145833333333
0.161268601190476
0.156677827380952
0.157738095238095
0.166119791666667
0.165182291666667
0.154918154761905
0.145517113095238
0.131142113095238
0.109471726190476
0.0941443452380952
0.0894122023809524
0.086328125
0.091000744047619
0.0985379464285714
0.095171130952381
0.0852046130952381
0.0793675595238095
0.0692559523809524
0.0638467261904762
0.06296875
0.0655989583333333
0.061499255952381
0.0626004464285714
0.0578013392857143
0.0461830357142857
0.0338444940476191
0.0335178571428571
0.0291145833333333
0.029703125
0.0302477678571429
0.0331119791666667
0.0355234375
0.033281994047619
0.0355721726190476
0.0458556547619048
0.0489174107142857
0.0485825892857143
0.0507142857142857
0.0443229166666667
0.0359906994047619
0.0263716517857143
0.0198690476190476
0.0142250744047619
0.0139006696428571
0.0143191964285714
0.0111261160714286
0.00582291666666667
0.00775074404761905
0.00784970238095238
0.0126142113095238
0.0190535714285714
0.0253284970238095
0.024500744047619
0.0192183779761905
0.00778831845238095
0.00323206845238095
-0.00532403273809524
-0.00963764880952381
-0.00783333333333333
-0.00432477678571429
-0.00227831101190476
0.00338735119047619
0.00486941964285714
0.00195215773809524
4.75111607142857E-4
9.08816964285714E-4
0.00154177827380952
2.6406994047619E-4
-0.00408296130952381
-0.00852604166666667
-0.0123110119047619
-0.0205215773809524
-0.0195159970238095
-0.0128995535714286
-0.0104720982142857
-0.0102700892857143
-0.0025469494047619
-0.00341592261904762
-4.38392857142857E-4
0.00229702380952381
0.00128106398809524
-0.00571986607142857
-0.00975595238095238
-0.0118325892857143
-0.0115959821428571
-0.00881584821428571
-8.24702380952381E-4
0.0049921875
0.0059750744047619
0.00486458333333333
0.0101912202380952
0.0109192708333333
0.0124326636904762
0.0136063988095238
0.0113002232142857
0.00642931547619048
0.0061015625
0.00655022321428571
0.00682775297619048
0.00913058035714286
0.0131506696428571
0.0146343005952381
0.014382068452381
0.015991443452381
0.0113091517857143
0.00325877976190476
-0.00537611607142857
-0.0084281994047619
-0.0127771577380952
-0.0150178571428571
-0.0148619791666667
-0.0159561011904762
-0.0200301339285714
-0.0227399553571429
-0.0210870535714286
-0.0219802827380952
-0.0172072172619048
-0.0152340029761905
-0.00852269345238095
-0.00213102678571429
0.00200625
0.00840029761904762
0.0112321428571429
0.00652120535714286
-0.00130450148809524
-0.00694419642857143
-0.011305431547619
-0.00854203869047619
-4.48660714285714E-4
0.0085405505952381
0.0149348958333333
0.0162678571428571
0.0142090773809524
0.0142090773809524
0.0142090773809524
